fecha	cp	minsplit	minbucket	maxdepth	xval_folds	ganancia	iteracion
20220910 200948	-0.126148659910541	3960	873	19	5	17350000	1
20220910 201030	-0.908482363440271	6511	3208	10	5	15714000	2
20220910 201110	-0.570709971107135	5695	1561	8	5	16736000	3
20220910 201132	0.0465205607673853	4258	1820	13	5	0	4
20220910 201203	-0.769574303913396	7111	671	4	5	15648000	5
20220910 201256	-0.856093911250355	7822	386	18	5	15540000	6
20220910 201318	0.0203807658064763	6045	56	7	5	0	7
20220910 201404	-0.327436462437941	5775	1743	18	5	16736000	8
20220910 201449	-0.401259743127351	5142	2329	15	5	16736000	9
20220910 201529	-0.0997675493618265	7359	3115	8	5	15772000	10
20220910 201601	-0.539828867462671	3447	376	5	5	17280000	11
20220910 201642	-0.750027490425337	7057	710	9	5	15648000	12
20220910 201712	-0.945605345314834	5490	707	4	5	16736000	13
20220910 201735	0.0918030132248533	7394	3526	9	5	0	14
20220910 201806	-0.458677079668269	4098	1627	4	5	16984000	15
20220910 201854	-0.879701600852422	4161	664	12	5	17350000	16
20220910 201940	-0.182799060183398	5449	2716	19	5	16860000	17
20220910 202030	-0.231877824117787	2792	713	12	5	17662000	18
20220910 202129	-0.164898858013843	1025	509	20	5	18794000	19
20220910 202246	-0.354367318414799	15	7	20	5	8454000	20
20220910 202320	-0.162112476877413	2216	1104	5	5	17914000	21
20220910 202349	-0.300859288601405	7999	3195	3	5	15552000	22
20220910 202442	-0.194236530928826	7997	126	14	5	15406000	23
20220910 202530	-0.49219561118565	7997	1400	16	5	15648000	24
20220910 202601	-0.663325470631831	1143	563	3	5	15610000	25
20220910 202703	-0.142699083462981	66	28	14	5	15428000	26
20220910 202753	-0.171714710518412	2370	1185	20	5	17768000	27
20220910 202824	-0.226980617644354	4665	2071	3	5	15610000	28
20220910 202946	-0.930999740544256	13	6	20	5	7976000	29
20220910 203015	-0.86423540468805	4819	1133	3	5	15610000	30
20220910 203059	-0.321161823816832	7853	3925	13	5	15166000	31
20220910 203136	-0.393820900967936	7988	758	7	5	15648000	32
20220910 203219	-0.893335971430979	7995	8	9	5	15384000	33
20220910 203315	-0.242478635808706	5302	386	20	5	16628000	34
20220910 203403	-0.80436811144239	4090	2038	13	5	17044000	35
20220910 203447	-0.293928398062169	4751	1372	9	5	16736000	36
20220910 203536	-0.999999117958012	6187	1765	14	5	16736000	37
20220910 203639	-0.164148446935567	1959	601	18	5	19360000	38
20220910 203727	-0.65308928903845	6248	3124	20	5	16856000	39
20220910 203805	-0.523073202342716	6413	3204	5	5	15714000	40
20220910 203849	-0.793513632285701	8000	3994	20	5	15166000	41
20220910 203947	-0.162514059189238	1530	732	16	5	18828000	42
20220910 204045	-0.168345523225095	3011	534	18	5	17708000	43
20220910 204145	-0.130863034407422	1747	495	20	5	19630000	44
20220910 204230	-0.145638589662376	7996	2366	20	5	15648000	45
20220910 204259	-0.24498468535277	1794	435	3	5	15610000	46
20220910 204355	-0.658587731116562	3825	666	19	5	17350000	47
20220910 204426	-0.668818738072453	4159	5	3	5	15610000	48
20220910 204516	-0.602456305131815	2930	1461	12	5	17042000	49
20220910 204601	-0.923321061687056	4849	2420	20	5	16736000	50
20220910 204648	-0.531184022116499	4536	2265	20	5	16736000	51
20220910 204757	-0.999795368472201	5518	7	20	5	15594000	52
20220910 204845	-0.476410460823205	5419	673	12	5	16736000	53
20220910 204934	-0.781314686208523	4968	975	20	5	16736000	54
20220910 205018	-0.236237211305256	6992	2849	11	5	15772000	55
20220910 205059	-0.999655597148123	3542	1766	8	5	17312000	56
20220910 205127	-0.144115238121427	8000	3999	3	5	15552000	57
20220910 205156	-0.686355354315502	8000	3603	3	5	15552000	58
20220910 205224	-0.999788693229918	7992	3993	3	5	15552000	59
20220910 205327	-0.604917164249933	7968	12	20	5	15028000	60
20220910 205429	-0.147235079708692	1793	326	20	5	20020000	61
20220910 205542	-0.148061976773179	1816	5	20	5	18154000	62
20220910 205610	-0.999961568437141	2794	220	3	5	15610000	63
20220910 205659	-0.150237411607805	1849	395	11	5	19688000	64
20220910 205728	-0.999904368411231	7998	2394	3	5	15610000	65
20220910 205812	-0.411384848847705	6718	3359	20	5	15724000	66
20220910 205855	-0.999946205724424	8000	3541	20	5	15306000	67
20220910 205925	-0.643945780054514	4351	2173	3	5	15610000	68
20220910 205954	-0.14751796088228	7998	1239	3	5	15610000	69
20220910 210045	-0.147046830050267	7456	720	20	5	15648000	70
20220910 210125	-0.999901032499884	8000	669	8	5	15648000	71
20220910 210215	-0.149685332741958	1861	790	10	5	19052000	72
20220910 210311	-0.153659134749871	1956	388	13	5	19830000	73
20220910 210356	-0.119782796849776	7992	3992	20	5	15166000	74
20220910 210441	-0.767103707628607	2518	373	8	5	19106000	75
20220910 210540	-0.716345139114459	2235	339	12	5	19648000	76
20220910 210636	-0.744107921333597	3695	302	13	5	17242000	77
20220910 210721	-0.683415316900163	2136	426	9	5	19622000	78
20220910 210810	-0.721560274733808	2087	819	11	5	18708000	79
20220910 210900	-0.635222505578112	2163	320	11	5	19494000	80
20220910 210955	-0.823218446029163	2107	340	11	5	19782000	81
20220910 211034	-0.843275107313656	2135	326	7	5	19604000	82
20220910 211124	-0.900158802813742	2169	395	10	5	19504000	83
20220910 211211	-0.84756241010942	2275	405	10	5	19478000	84
20220910 211255	-0.803056144210511	1948	299	9	5	20254000	85
20220910 211339	-0.80275280064524	1920	130	9	5	19998000	86
20220910 211424	-0.784491950729605	1774	276	9	5	20276000	87
20220910 211508	-0.719317375860046	1827	272	9	5	20276000	88
20220910 211555	-0.713469066835535	1842	278	10	5	20276000	89
20220910 211644	-0.733746164982999	1849	300	10	5	20112000	90
20220910 211728	-0.525674582355474	1879	279	9	5	20276000	91
20220910 211815	-0.552171620940795	1879	298	10	5	20112000	92
20220910 211859	-0.493240519174235	1894	297	9	5	20112000	93
20220910 211948	-0.516631471564165	1875	316	11	5	19840000	94
20220910 212030	-0.530198148631284	1845	255	8	5	20110000	95
20220910 212116	-0.530941730977087	1984	242	9	5	19888000	96
20220910 212201	-0.523229161178445	1661	361	9	5	20124000	97
20220910 212257	-0.705132345035313	1824	297	15	5	20112000	98
20220910 212358	-0.709740035696147	1858	316	20	5	19840000	99
20220910 212457	-0.788564410169947	1865	299	17	5	20112000	100
20220910 212550	-0.787016443955329	1870	314	13	5	19842000	101
20220910 212650	-0.703929660626811	1859	308	17	5	19842000	102
20220910 212751	-0.879562815112402	2174	305	20	5	19494000	103
20220910 212836	-0.579427447922096	1860	370	9	5	19688000	104
20220910 212926	-0.901028881952571	2330	1165	19	5	17656000	105
20220910 213018	-0.187113726733624	1729	310	12	5	19934000	106
20220910 213116	-0.79541469058113	1915	285	15	5	20112000	107
20220910 213208	-0.677745814573431	8000	2143	20	5	15648000	108
20220910 213301	-0.691063623453282	1840	289	9	5	20112000	109
20220910 213355	-0.788226925929415	1917	294	9	5	20112000	110
20220910 213508	-0.80993655251877	1830	294	19	5	20112000	111
20220910 213601	-0.813988426660723	1756	276	9	5	20276000	112
20220910 213715	-0.77457673870068	1855	296	20	5	20112000	113
20220910 213806	-0.51881316591378	1875	308	8	5	19928000	114
20220910 213901	-0.66709476958345	1744	291	10	5	20044000	115
20220910 213955	-0.46671353928716	1746	276	9	5	20276000	116
